1 2
2 2
3 2
4 5
5 2
6 2
7 2
8 2
9 2
10 2
11 2
12 2
13 2
14 5
15 2
16 2
17 2
18 2
19 2
20 2
21 2
22 2
23 2
24 5
25 2
26 2
27 2
28 2
29 2
30 2
31 4
32 2
33 2
34 5
35 2
36 4
37 2
38 5
39 5
40 5
41 2
42 2
43 2
44 5
45 4
46 2
47 2
48 2
49 4
50 4
51 2
52 2
53 2
54 2
55 2
56 2
57 5
58 2
59 5
60 2
61 2
62 5
63 2
64 5
65 2
66 2
67 4
68 2
69 2
70 2
71 2
72 2
73 2
74 2
75 2
76 5
77 2
78 2
79 2
80 2
81 5
82 4
83 2
84 2
85 2
86 5
87 5
88 5
89 2
90 2
91 5
92 4
93 2
94 2
95 2
96 2
97 5
98 2
99 2
100 2
101 2
102 2
103 2
104 2
105 5
106 2
107 4
108 2
109 2
110 5
111 1
112 2
113 5
114 2
115 2
116 4
117 4
118 2
119 2
120 4
121 4
122 2
123 2
124 4
125 2
126 2
127 2
128 4
129 5
130 2
131 2
132 2
133 2
134 5
135 4
136 5
137 4
138 5
139 3
140 5
141 2
142 2
143 2
144 2
145 2
146 2
147 5
148 2
149 4
150 5
151 4
152 2
153 2
154 2
155 2
156 4
157 2
158 4
159 2
160 5
161 2
162 2
163 2
164 2
165 2
166 2
167 2
168 2
169 2
170 2
171 2
172 4
173 4
174 5
175 2
176 1
177 5
178 5
179 2
180 2
181 5
182 4
183 2
184 2
185 5
186 2
187 2
188 2
189 2
190 2
191 4
192 2
193 2
194 2
195 2
196 2
197 3
198 4
199 4
200 4
201 4
202 2
203 2
204 2
205 2
206 2
207 2
208 2
209 2
210 5
211 2
212 2
213 2
214 4
215 5
216 2
217 2
218 2
219 5
220 5
221 2
222 2
223 2
224 2
225 2
226 2
227 2
228 2
229 5
230 2
231 2
232 2
233 4
234 2
235 2
236 2
237 4
238 2
239 2
240 4
241 5
242 2
243 2
244 2
245 2
246 2
247 2
248 1
249 2
250 5
251 4
252 2
253 2
254 4
255 5
256 4
257 4
258 5
259 4
260 2
261 4
262 2
263 5
264 2
265 2
266 2
267 2
268 4
269 5
270 2
271 5
272 2
273 3
274 5
275 2
276 2
277 5
278 2
279 5
280 2
281 2
282 5
283 2
284 5
285 2
286 2
287 2
288 2
289 4
290 2
291 2
292 2
293 5
294 5
295 4
296 4
297 2
298 5
299 2
300 4
301 5
302 2
303 2
304 2
305 2
306 2
307 2
308 5
309 2
310 5
311 2
312 2
313 5
314 2
315 2
316 2
317 2
318 4
319 2
320 2
321 2
322 4
323 2
324 5
325 2
326 2
327 5
328 2
329 2
330 2
331 4
332 4
333 2
334 2
335 2
336 4
337 5
338 2
339 5
340 2
341 2
342 2
343 5
344 5
345 4
346 5
347 2
348 5
349 5
350 4
351 2
352 2
353 2
354 2
355 2
356 2
357 2
358 2
359 5
360 2
361 5
362 2
363 2
364 2
365 2
366 2
367 5
368 2
369 4
370 2
371 2
